[[21], [12], [4], [25], [32], [-11]]
[[76, 9], [59, 94]]
[[-12], [83], [-48], [-98], [-43], [-6], [-46], [-75], [79]]
[[80, -50, 3, -100, -26], [-80, -90, -45, 99, -91], [73, -3, -52, 10, 5], [77, 65, 4, -88, -40], [59, 19, 1, 21, 85], [30, 55, 62, -31, 97], [9, -27, -77, 47, 73], [94, 10, 28, -86, -89]]
[[-32, -21], [-50, -76], [-16, 2], [-26, 28], [-75, 23], [-68, -48]]
[[-83, -29, -3]]
[[81, 63, -33, -3, 25, 68, 0, -87], [-25, 26, -53, -6, -17, 0, -72, 32], [-77, -89, -58, -28, -24, 7, 70, -86]]
[[75, 16, 78, 89, -88, -43], [-30, -21, -76, -23, 99, -41], [-4, 89, -96, -23, 47, 24], [-4, -45, 72, 98, 33, -27], [-25, 2, -69, 60, -72, -44], [-35, -26, -2, -92, 7, 82], [10, 12, -76, 52, -34, 56], [85, 91, -61, 63, -15, -60]]
[[15, -37, 35, 53, 70], [-60, -31, -75, 12, 21], [-24, -29, 89, 15, 83], [46, -35, -99, 78, -1], [-96, 100, 18, 27, -88]]
[[-12, 83, -24, -61, 36, -43, 10, -7, 95], [12, -57, -34, -36, 97, -81, 94, -17, -91], [98, -31, 91, -61, 28, -39, 100, 39, 66], [-23, 95, -29, -56, -78, -99, 7, 99, -97], [-66, 52, 30, 55, -12, 78, 67, 9, -13], [33, 48, -32, 59, 98, 76, -61, 94, -58], [92, -77, -94, 61, 50, 63, 85, -21, -97]]
[[27, -85, -50, -81]]
[[49, 73, -43]]
[[-50, -51, 70, 43], [68, -16, -13, -53], [-5, 28, -58, 7], [92, -23, -86, 84], [33, 96, 100, -17], [-30, -98, -62, 90], [-1, 6, -38, -99]]
[[-55, 57, 53, 33], [36, 38, 8, -91], [39, 15, 58, -7], [38, 87, -70, 38], [-84, 58, 59, 64]]
[[-90], [-37], [-100], [-45], [30], [-94], [88]]
[[93, 34, 28, 46, -81, -31], [20, -94, -39, 100, -82, 10]]
[[79, -88, 82, -48], [-18, 23, -80, -75], [-84, -20, -78, -9], [-64, -17, 15, 92], [-23, -2, 10, 5], [42, 17, 74, 42]]
[[48, -44], [-44, -84], [8, -67], [46, -7], [-16, -77], [98, 28], [-10, 41], [-60, -55], [48, -41]]
[[95, -50, 13, 29]]
[[-26, 99, 48, -24, 55], [-59, 58, -57, -62, -6]]
[[-68, -50, 42, 77, 44, 8, -15, 41, -80, -75], [-12, -56, 52, -1, -40, 24, -48, -35, -90, -1], [30, -72, 86, -20, 77, -86, 49, 17, -94, 44], [50, -50, -48, -87, -19, -46, -74, -97, 8, 52], [-83, 65, 43, 41, 14, -6, -84, -55, -22, 28], [61, 60, -4, 85, 12, -1, -17, 40, 34, 80]]
[[-12, -5, 16, -26, -26, 25, 51, 46, 52, 60], [20, -94, 9, 44, -10, -45, -97, 47, -67, 24], [-25, 98, 71, -50, -94, -56, -73, 45, 24, 46], [37, -57, 32, -16, 67, -94, 2, 82, -17, -20], [-60, -71, 18, -39, -50, -79, -19, 37, 2, -40], [70, 31, 91, 24, -14, -62, 26, -6, -42, 84], [88, -38, 49, 98, -64, 63, -52, 72, -28, -67], [-30, 47, -67, 89, 9, -70, -84, -60, 82, 30], [84, 100, -27, -41, -38, -92, 24, -22, -9, 88], [-98, 78, -87, -82, 73, 64, 59, 53, -93, -92]]
[[93, -7, -44, 62, 22, 69, 58, 48], [31, 46, 11, 28, 76, 36, 55, 93]]
[[0, -75], [-92, -36], [27, -15], [-91, 75], [-7, -88], [-54, -81], [-21, 3], [44, 25], [-35, -14], [-65, 82]]
[[78, 41], [-2, 1], [-92, -92], [-63, -92], [-65, 83], [-71, 57]]
[[-67, 74], [28, -42], [-84, -90], [30, 76], [-82, 92], [-82, -59], [-36, -84]]
[[25, -34, 54, 87], [-65, 96, 59, 51], [64, -62, 48, 4], [78, -7, 18, -94], [92, -90, -27, -71], [16, -24, -55, -64], [89, -14, 25, 64], [2, 2, 63, -4], [-61, 73, 38, 73]]
[[97, 92, -61, -10], [-21, -26, 36, -26], [-50, -75, -62, -72]]
[[70, -91], [98, -46], [52, -26]]
[[-6, 33, 22, 22, -15, 1], [73, 50, 14, 75, 80, 38], [8, -54, 14, 30, -86, 86], [98, 100, 22, 78, -8, 31], [-49, 35, 44, 3, -56, -78], [78, 81, -39, 31, -45, -61], [-16, 97, 89, 59, 76, -25], [81, 52, -5, 43, -57, -74], [16, 76, 68, 100, -50, 7]]
[[99, -65, -94, -34, 53, -19, -38, 76, -100, 48], [30, -91, -35, -41, 41, 80, 81, -59, -27, -65], [-8, 45, -48, 18, 44, -72, 96, -67, -68, 53], [91, 4, 78, 95, -96, -30, 32, -71, -22, -89], [-52, 17, 17, -24, -16, 9, -51, -69, -14, -27], [-86, 94, 8, 84, 63, 67, 57, 96, 14, 100], [-66, -1, -27, 17, -6, -1, 82, -61, 75, 4], [-76, 28, -80, 51, 72, -66, -86, -25, -66, -33], [64, -78, 74, 4, -25, 11, -6, -87, 42, 45]]
[[-65, -63, -49, 62, -53, -83, -18]]
[[31, 74, -44, -89, -42, -68, -100], [22, 67, -32, -19, 5, 37, -45], [80, -28, -2, 25, 21, -52, 52], [21, -100, -75, -96, 96, -76, 10], [-93, -1, -74, -90, 4, -65, -82], [13, -84, -8, 46, -65, -100, 56], [30, -35, 73, -90, 43, -6, -69], [64, 7, -34, -83, 79, -36, 98], [67, 95, 77, -9, 52, -68, -65], [21, -96, -37, 17, 62, 72, -1]]
[[6, -43, 86, -82, 90, 1, 93, 87, 42], [34, -1, 68, -93, -82, 32, 8, 92, 79], [-33, 44, 68, 27, 2, 39, -69, 8, -84], [-90, 3, -30, -17, 31, -60, -66, 28, 34], [-16, -78, 56, -73, 39, -39, -33, -91, -42], [20, 74, 44, -47, -97, 53, 18, -37, -78], [-59, -79, -87, 67, -61, -96, 41, -34, -25], [46, 35, -36, -33, -66, -80, 4, -85, 98]]
[[-70, -93, 92, -64, 19], [65, 45, 21, 28, 88], [-96, 43, 95, -2, 31], [0, 2, -2, 19, 85], [37, -97, -91, -33, -96], [-40, -48, 84, -26, -87], [27, -15, -38, 18, -84], [-46, -96, 79, -67, -68], [-77, -29, -34, 72, -65], [-97, 96, 9, -24, 53]]
[[-23, 94, 7, -33, 6, -12], [-29, -31, -83, -15, 69, -32], [10, 93, 25, -35, -8, 1], [-93, 44, 73, 32, 2, -38], [-2, 32, -1, -64, 20, -71], [-79, 96, -100, -46, -18, -71]]
[[63, 19, 0, -28, 48, -58, -21], [-1, 66, 60, -12, -6, 73, 89], [25, -86, -86, 79, 14, 42, -90]]
[[67], [19], [-37], [-64], [-59], [-29]]
[[-87, -36, 53, -91, -62, 31, 2, -15, -28, -78], [42, 96, -66, -11, 40, 69, 26, -50, 45, -35], [63, 32, 64, -38, -44, 71, -46, 76, -70, -37], [2, 28, -99, -45, -4, -86, -56, 99, 86, -91]]
[[-66, 84, 67, 59, 68], [17, 87, 32, 37, -72], [-95, 78, -47, -34, 90], [-37, 59, -17, 27, -68]]
[[82, 97], [43, 32], [44, -73], [61, -72], [-12, -89], [46, 41]]
[[97, -85, 71, 62, -94, 72, 61, 63], [-4, -62, -31, -44, -48, -63, -74, -92], [48, 90, 17, -83, -40, 95, 60, 54]]
[[67, -69, -35, 38], [-4, -8, 9, 47], [36, 67, -13, -51], [99, 38, 81, -52]]
[[-41, -76], [87, 8], [-18, -1], [-32, 66], [89, 18]]
[[-79, -84, -92, 29], [-26, 40, 50, -23]]
[[-96, 37, -35], [-75, 71, 75], [100, -83, -77], [-96, 42, -42], [90, 29, -18]]
[[22, 66], [51, -67], [36, 91], [68, 44], [0, -81], [66, -9]]
[[32, 91], [12, -67], [-7, 43], [77, -53]]
[[-47, -51], [46, -55], [99, -19], [24, 7], [15, -29], [-94, -63], [-61, -6], [12, 55], [-16, 94]]
[[-15, 64, 84, 91, -39], [-41, -75, 32, -89, 97], [1, -2, -87, 86, -5], [5, -34, 34, 82, 83], [67, -71, -19, -24, 72], [-95, 71, 89, 9, 85], [-14, 42, 30, -85, -56], [-90, -89, 74, -33, -86], [-53, 70, 35, 54, -7], [-17, 73, -49, 59, -76]]
[[-55, 47, 2, 100, 50, -73, -13, -16, 67, -51], [43, -30, -43, -66, -58, 10, -50, -86, 84, -28]]
[[93, 55, 40], [-79, -70, -90], [-95, -79, -39], [95, -89, 89], [34, 66, -7], [32, -1, -54], [88, -94, 27], [80, 51, 58], [91, 95, -4]]
[[-58, -45], [42, 6]]
[[-90, -13], [22, -85], [-26, 34], [-15, -10], [-75, -85], [99, -53]]
[[79, 10, -40], [37, 9, 48], [-97, -22, -9], [31, -48, 56], [-37, 70, -82], [-62, 94, 53], [27, -40, -13]]
[[-1, 58, 10, -56, -87, 31, -11], [82, -27, -43, 62, -6, -37, -57], [-3, 50, -32, -64, 54, -56, 93], [-82, 27, -70, -14, -59, -59, 67], [6, -73, -31, -7, 75, -44, 92], [-28, 36, -43, -69, -29, 99, -96], [-97, -95, -67, 82, -61, 51, 34]]
[[25, 0, 11, -19, -46, 61, 54], [1, -9, 26, 14, -4, 41, -70], [-29, -59, -32, 10, 46, 85, 11], [-66, -80, -1, -36, 41, -48, 18], [-91, 20, -40, 62, 19, -98, -97], [2, 97, -64, -5, -15, 15, 54]]
[[55], [-71], [28], [28], [81]]
[[-79, -72], [98, -72], [64, -33], [34, 87], [47, -57], [-13, -11]]
[[-34, -10, 86, -87, 32, -76, 66, 3, -66], [-12, -81, 96, 57, -80, 3, -20, -30, -13], [-60, 56, 2, -31, 98, -44, -57, -80, 100]]
[[31, 93, 3, 15, -90, -28, -16, -81], [12, 90, -35, -6, -6, 34, -65, -66], [-36, 75, -40, -95, -9, -61, -87, -73], [-91, 1, -47, 30, -69, 49, 55, -62], [-39, -22, -62, 14, 0, -28, 52, -32], [-36, 21, 46, 49, 64, 69, 14, 64], [53, 7, 76, 34, 99, 61, -19, -98], [-35, 4, 86, 31, -40, 27, 44, -88]]
[[79, 1, 73, 83], [16, 46, -71, -95]]
[[-48, -100, 54, -19, -26, -34, 68, 37], [-33, -39, -44, -47, -74, 41, 82, -62], [-64, 95, -77, -33, -54, 90, -37, 96], [4, -57, -79, -66, 50, -43, 3, -55]]
[[-3, -88, 35, -88], [14, 50, -82, -17], [-1, -77, 61, -50]]
[[-69, -52, -55, -54, -27, -37, 89, -48, 13, -25], [-77, 11, 79, 40, 9, 58, 18, -41, -87, -42], [5, 73, 37, 93, 3, -1, -77, -76, 1, -33], [-72, -7, 4, -17, 42, 53, 9, -16, -81, 39], [100, 32, -65, -14, 62, 22, -55, -99, -3, -76], [45, 46, -86, 26, -53, -57, -32, -51, -93, 48]]
[[44, -53, -95, -47, 15, -59, 54, 16, -88, 88], [76, -61, -10, 9, -24, -72, 100, 43, -91, 45], [97, -1, -72, 31, 35, -26, 52, -7, -91, 30]]
[[-35, -99], [-86, 97], [-66, 52], [-7, -85], [-83, -99], [74, -55], [29, 27], [15, 73], [-93, 7]]
[[-26, 53, -29], [-77, 51, -10], [-57, -39, 19], [1, 3, -67]]
[[-10, -67, 48, -23, -6, 54, -4]]
[[76, 20, -79, 71, -74, -50, 53], [7, 83, -18, -91, 17, -69, 12], [-14, -37, -67, -64, 80, -91, 53]]
[[-3, 15, -48, 95, 19, -27, -94, 69], [54, 41, 58, -18, -48, -68, 27, 1], [77, -25, -9, 7, 79, 4, -1, -18], [-10, 18, 72, -16, -71, -67, -46, -79]]
[[-97, 52, -27, 39, -35, 21, -15, 44, -93], [-5, 38, -7, 12, -30, 87, 18, -14, 56], [56, -65, -50, -60, 79, -66, 10, 79, -29], [76, 74, -89, 62, -10, -100, 72, 94, 3], [-22, -37, 3, -45, 4, -1, 21, 54, 81], [74, 80, -60, 53, 21, -15, -13, 70, -70], [62, -42, -97, -6, 63, 42, 68, -60, 72], [73, -95, -31, 42, -62, 6, -36, 11, -9], [28, -55, 33, 82, -13, -13, -43, 63, -4]]
[[-41, 55, 86, -84], [-26, -97, -19, 15], [-34, -18, 53, -97], [-29, 75, 54, 80]]
[[-82, 2, 21, 85, -11], [93, 52, -38, 91, -80], [55, 79, 35, -83, -64], [-1, 69, -14, -46, 92], [27, -33, 31, 51, -79], [44, 99, 4, 22, -37], [26, -58, 97, 62, -1], [94, -77, 53, -37, -95], [88, -61, -57, -68, 97]]
[[70, -87, 25, -14, 66, -94, -38], [96, 26, -83, 51, 89, 92, -1], [81, 11, 74, -83, -19, 54, 21], [15, 89, 3, -90, -45, 39, 82], [89, 98, -49, -16, 46, -41, -23], [-82, 0, 67, -2, 7, 41, 53], [44, 75, -14, 12, 17, -71, -25], [88, -78, 75, -100, 64, 40, -49], [98, 90, 5, -72, 73, 75, -32]]
[[18, 78, -96], [23, 12, 73], [29, -29, 18], [15, 30, -59], [4, -39, 84], [-65, 30, -73]]
[[9], [-93]]
[[-54, -77, 11, 48, -32, 64, -50, 21, -74, 38], [-64, 48, 57, 97, 50, -54, 2, -1, 75, -89], [-46, -31, -55, -45, 12, -62, -76, 46, -47, -48], [-17, 95, 96, -26, 57, 13, 84, -58, 74, 1], [-46, 66, -71, -58, 14, -75, 10, 78, 6, 5], [-40, -3, 8, 70, 66, 14, 63, 70, 5, 43], [43, -15, 12, 54, -19, 55, 20, 96, -20, -31], [77, 8, 77, 95, 14, -88, -4, 10, 20, -86], [-12, 54, 38, -77, -9, -25, -47, 50, 97, -83]]
[[69, -52, 45, -16, 96, 39, -71, 31, -45, 90], [-13, -16, 24, -90, 95, -58, 90, -41, 42, 44]]
[[20, 30, -40, -7, -43, 1], [-20, -88, -26, -2, -94, -71], [-94, 60, 59, 47, 63, 37], [35, -83, -17, 8, 0, -53], [44, -52, -9, 47, -53, 8], [13, 99, 37, 1, 37, 60], [-36, -75, -18, -80, 70, -63], [-62, 71, -90, 3, 2, -17], [6, -53, -85, -36, -99, 26]]
[[14, -42, 91, -90, -63, -12, -81, -22, -30], [41, -20, -46, -58, 3, 9, 36, 50, 87], [-64, 29, 38, 70, -32, 94, -8, -17, 67], [94, -48, 42, 51, 88, -54, -100, 48, 9], [-41, 79, -92, -90, 91, 13, -15, 66, -74], [29, 48, 8, -90, -17, -4, 24, -18, -82], [12, 59, 78, -36, -40, 78, -7, 72, -16]]
[[57, -53, -63, -79, 98, 5, 76], [89, 97, -51, 34, 9, -28, 62], [91, 50, -61, 15, 51, 41, 40], [-95, 99, 5, -67, -39, -20, 15], [-57, -100, 44, 43, -10, -33, -31], [37, -76, 38, -79, 82, 27, -86], [87, -49, 27, 82, -48, -38, 56]]
[[-58], [44], [-77], [-100], [10], [-59], [82], [62], [-82]]
[[9, -41, 29, 56, 44, -77, 27, -49, 98, 97], [45, 65, -64, 9, -2, -47, -48, 33, -75, 40], [83, 66, -90, -63, 84, 6, -93, 46, 51, -40]]
[[1, 94, 80, 42], [-40, 99, 79, 85], [-37, 53, 23, -4]]
[[-92, -34, 96], [-70, -8, 30], [-75, -87, -47], [85, -8, 71], [36, -12, 25], [14, -82, 64]]
[[54, 24, 65, -56, -47, 9], [39, 85, -98, -89, -28, 39], [71, -80, 77, 69, 100, 67], [87, -22, 59, -76, 47, -68], [-59, 33, -74, 65, -21, 71], [74, -98, 38, -16, 49, 29]]
[[-19, 61, -92, -55, -17, 77, -75], [-23, -14, 56, 14, 42, 0, -91], [-54, -39, -41, 63, -25, -15, -70], [-76, 82, -36, 76, 18, 42, -85], [85, 64, 14, -98, 97, 95, -94]]
[[56, 72, -28, -8, 71, 28, -82, -48], [-23, -54, 6, 13, 32, -46, 38, -32], [63, -45, -22, -56, 89, -55, 97, -49], [-26, 30, -83, -54, -36, -26, 97, 24], [93, 82, 64, -90, -55, 51, -33, 19], [85, -32, -69, 9, 57, 39, 59, -19], [-50, -41, 9, -49, 21, 80, 0, 93]]
[[-29, 98, -93, 36, -23, 27, 65]]
[[36, -21, 27, -90, 0, 42, 6, -13, 80, -69], [8, -42, 70, -44, -32, 23, -26, 66, 19, 38], [56, 81, -98, -10, -86, -100, 84, 55, 15, -98], [67, 88, 65, -73, -97, -6, -21, 96, 100, 99], [-64, -53, 34, 41, 56, -71, 61, 76, -13, -13], [56, -76, 71, 93, 0, 82, 60, -47, 47, -78]]
[[-6, -55, -67, 75, -77, 43], [-85, 27, -33, 66, 1, -57], [-11, -85, -41, 3, 82, 55], [-3, -66, 3, 32, -15, 65], [79, 65, 61, -90, 72, -100], [29, 39, -89, -14, 100, 73], [-28, 94, -78, 35, 42, 98]]
[[42, 74, -21, -88, -100, -36], [71, 30, -18, -29, 22, 11], [-78, 48, 100, -13, 20, 37], [89, 42, 54, -93, -88, 93], [22, -86, 14, 60, -50, 33], [-2, -66, 36, 17, -9, -14], [0, -47, 83, 22, 43, -60], [95, 42, -45, -3, -23, 78]]
[[-58, 10, -44, 67, -43, 71, -97, -73], [-37, 1, 31, 31, 75, -62, -73, 64]]
[[48, 77, 81, -38, -57], [53, 57, -52, -88, -57], [-43, -96, -85, -80, 82], [-19, -20, 1, 47, 64], [30, -41, 58, -43, 21], [87, -46, -59, 28, -5]]
[[-7, 99, -3, 27], [61, 43, -74, -86], [-30, -32, 22, -2], [-42, 12, 34, -61], [79, 50, -26, 65], [-94, 22, 19, -34], [-82, 87, 30, 6]]
[[3, -21, -8, -63, -22], [-49, 31, 96, -26, 97], [-75, -14, 34, -46, 78], [22, 78, 26, 57, -39], [56, -52, 18, 79, 54], [40, 18, -54, 10, 44], [29, -18, 17, -43, 7], [99, -17, -94, -100, -84]]
[[72, -15, 76, 96, -45], [-44, 30, -72, 56, 80], [51, -75, 27, 8, -94], [94, 51, -51, -10, -32], [-94, -91, 73, -32, 70], [-85, 9, -75, -60, 91], [-5, -49, 97, -74, 90], [-96, 87, 3, -13, 39], [-83, 53, 26, -4, 100]]
[[-43, 52, -2, 93, -20, -23, -38, -58, -56, -8], [58, 97, 23, 26, -59, 55, 34, -61, 9, 54], [-33, 13, 27, 47, -14, 68, -75, -54, 36, -61], [-49, -7, 65, 58, 39, 71, 50, 22, 60, -83], [-98, -8, -25, 52, 64, -41, -8, -5, -4, 2], [8, -77, 14, -66, -97, 68, 83, -42, 63, -74]]
[[-87, -11, 84, 33, -28, -49, -56, 86, 11, -4], [-31, -27, 94, -40, 53, 84, 33, 12, -73, -61]]
