81830
67827
149639
188726
134700
124261
100781
113778
127507
95147
143829
106902
113143
123525
71215
78418
65958
162145
153582
133071
116587
70475
35658
102243
124500
34322
113670
60993
63217
59446
102495
98902
108630
99794
141426
111690
58871
68003
93722
65728
62913
84740
74028
43855
155640
102459
177726
75886
135170
114556
181125
118508
95961
131496
92609
178212
105551
120267
136934
80785
29104
73077
156937
110304
77681
64448
103289
142449
152915
92200
99711
37481
103211
121274
162981
37527
100736
8197
128511
44245
98149
127277
148858
144753
145006
65029
58167
62211
60733
156408
156913
51756
128475
130775
169073
64404
15513
35258
182308
60022
151955
103663
74643
76257
137526
114511
161213
67544
144577
124833
104763
86026
73543
156466
131248
43622
93356
72371
100069
89378
83160
105711
121789
65699
149604
104470
99655
165626
144701
129528
132744
18222
10402
70249
151252
108938
84173
86633
58294
150238
99451
92972
57807
101983
162873
128155
112242
80796
32829
122876
128346
106371
118808
117859
129441
65280
66658
95219
94689
159170
95800
38642
75881
112513
80005
116381
137455
156120
55322
109144
100444
86055
7214
52397
98128
129136
82040
27717
156431
184996
46653
132059
184844
156918
26737
132383
133364
176569
177448
115161
134540
76458
46590
180074
122993
132796
52526
72803
88228
123041
76917
22046
143209
126106
120109
26823
101692
110348
53275
165685
138144
146628
146486
117278
130174
88161
96061
162735
76738
89137
148575
151280
144019
91298
120817
138707
59898
63029
83066
125779
132130
93655
85990
133248
170161
86424
120186
5159
128389
166547
13235
58892
42308
161818
169451
34731
24126
126092
142095
62313
134515
44069
146107
87905
102235
80857
137377
96579
78850
18877
106006
171191
52438
147929
129166
169964
124972
56780
112864
143981
156143
125719
173821
101209
26105
110741
170174
110635
85318
118779
144826
46509
134268
74365
121421
88111
138737
95619
101819
82688
161515
29988
55606
118589
81013
8706
135624
138566
52204
172285
35049
18997
122857
104786
104407
13387
147895
152804
133849
100124
102126
116146
67719
80480
77153
67122
107650
103281
130861
185049
68152
116932
93235
130571
95233
140991
60277
88246
164187
117315
149262
94735
92726
21729
55809
101862
63093
112292
124182
47048
94137
128511
104928
140257
69826
79907
96994
86198
50599
69079
146502
110129
71216
58832
73886
108751
107909
102979
101134
84977
104302
83397
91921
179268
91735
67530
125685
76530
99820
105336
109900
114806
82940
53211
156863
187714
37501
118244
103486
138626
105795
96636
128925
40453
111140
74398
86193
31332
136089
95996
35851
132850
103312
108832
68614
133443
67682
70326
126167
193611
41741
27968
107799
138140
119077
150666
107286
98271
50960
142915
52371
60621
103332
164045
16578
106771
169725
113709
123971
146980
96416
95144
57052
45974
151444
79933
136524
118514
93046
155387
111929
138219
155271
49403
43319
13481
133381
115585
123297
161882
37439
27353
38562
70265
64135
145744
47348
113871
151702
102173
82897
70131
101987
84344
57857
82431
154385
78576
48119
86965
150055
55476
127341
93580
155146
118497
28100
138541
120604
58207
133976
118034
187941
61765
48376
50667
161333
101575
101716
100659
88440
127319
60630
122438
66808
99239
192807
141293
139206
110422
82465
91937
159932
93734
51600
88213
91269
156455
142613
110605
