[[1], [0], [0], [0], [0], [0]]
[[1, 0], [0, 1]]
[[1], [0], [0], [0], [0], [0], [0], [0], [0]]
[[1, 0, 0, 0, 0], [0, 1, 0, 0, 0], [0, 0, 1, 0, 0], [0, 0, 0, 1, 0], [0, 0, 0, 0, 1], [0, 0, 0, 0, 0], [0, 0, 0, 0, 0], [0, 0, 0, 0, 0]]
[[1, 0], [0, 1], [0, 0], [0, 0], [0, 0], [0, 0]]
[[1, 29/83, 3/83]]
[[1, 0, 0, -16199/159321, 69376/159321, 48963/53107, 216074/159321, -107317/53107], [0, 1, 0, 35921/159321, -7334/53107, -71578/159321, -293156/159321, 100077/53107], [0, 0, 1, 14433/53107, 7585/159321, -104401/159321, -9766/53107, 67651/53107]]
[[1, 0, 0, 0, 0, 0], [0, 1, 0, 0, 0, 0], [0, 0, 1, 0, 0, 0], [0, 0, 0, 1, 0, 0], [0, 0, 0, 0, 1, 0], [0, 0, 0, 0, 0, 1], [0, 0, 0, 0, 0, 0], [0, 0, 0, 0, 0, 0]]
[[1, 0, 0, 0, 0], [0, 1, 0, 0, 0], [0, 0, 1, 0, 0], [0, 0, 0, 1, 0], [0, 0, 0, 0, 1]]
[[1, 0, 0, 0, 0, 0, 0, 226067017942919/220253744805989, -137693305798264/220253744805989], [0, 1, 0, 0, 0, 0, 0, 262142123358707/220253744805989, -264504955114049/440507489611978], [0, 0, 1, 0, 0, 0, 0, 156450908602442/220253744805989, -33659256895726/220253744805989], [0, 0, 0, 1, 0, 0, 0, 578970904509959/220253744805989, -986193129658661/220253744805989], [0, 0, 0, 0, 1, 0, 0, 22860082853477/220253744805989, -9987340075054/220253744805989], [0, 0, 0, 0, 0, 1, 0, -413353742536773/220253744805989, 1384597915033767/440507489611978], [0, 0, 0, 0, 0, 0, 1, -11189516733988/220253744805989, -58846193452499/220253744805989]]
[[1, -85/27, -50/27, -3]]
[[1, 73/49, -43/49]]
[[1, 0, 0, 0], [0, 1, 0, 0], [0, 0, 1, 0], [0, 0, 0, 1], [0, 0, 0, 0], [0, 0, 0, 0], [0, 0, 0, 0]]
[[1, 0, 0, 0], [0, 1, 0, 0], [0, 0, 1, 0], [0, 0, 0, 1], [0, 0, 0, 0]]
[[1], [0], [0], [0], [0], [0], [0]]
[[1, 0, 653/4711, 3862/4711, -743/673, -1287/4711], [0, 1, 4187/9422, -4190/4711, 429/673, -775/4711]]
[[1, 0, 0, 0], [0, 1, 0, 0], [0, 0, 1, 0], [0, 0, 0, 1], [0, 0, 0, 0], [0, 0, 0, 0]]
[[1, 0], [0, 1], [0, 0], [0, 0], [0, 0], [0, 0], [0, 0], [0, 0], [0, 0]]
[[1, -10/19, 13/95, 29/95]]
[[1, 0, 8427/4333, 678/619, 3784/4333], [0, 1, 4314/4333, 28/619, 3401/4333]]
[[1, 0, 0, 0, 0, 0, 3065361717/2814719989, 37684276857/45035519824, 6702466991/22517759912, 15686218323/45035519824], [0, 1, 0, 0, 0, 0, 3662680723/11258879956, 6150100295/90071039648, 30568079065/45035519824, 41947961261/90071039648], [0, 0, 1, 0, 0, 0, 20168777561/33776639868, 23327081481/90071039648, -31632617017/45035519824, 81218759849/270213118944], [0, 0, 0, 1, 0, 0, -4537026827/2814719989, -10755961179/22517759912, -4686911589/11258879956, 12912639575/22517759912], [0, 0, 0, 0, 1, 0, 56207536123/16888319934, 109114604505/45035519824, 15645599991/22517759912, -211008333911/135106559472], [0, 0, 0, 0, 0, 1, 29467144477/8444159967, 116030794835/45035519824, 14526485189/22517759912, -271721634541/135106559472]]
[[1, 0, 0, 0, 0, 0, 0, 0, 0, 0], [0, 1, 0, 0, 0, 0, 0, 0, 0, 0], [0, 0, 1, 0, 0, 0, 0, 0, 0, 0], [0, 0, 0, 1, 0, 0, 0, 0, 0, 0], [0, 0, 0, 0, 1, 0, 0, 0, 0, 0], [0, 0, 0, 0, 0, 1, 0, 0, 0, 0], [0, 0, 0, 0, 0, 0, 1, 0, 0, 0], [0, 0, 0, 0, 0, 0, 0, 1, 0, 0], [0, 0, 0, 0, 0, 0, 0, 0, 1, 0], [0, 0, 0, 0, 0, 0, 0, 0, 0, 1]]
[[1, 0, -1947/4495, 3048/4495, 1544/4495, 3426/4495, 3053/4495, 2859/4495], [0, 1, 77/145, 22/145, 206/145, 39/145, 107/145, 231/145]]
[[1, 0], [0, 1], [0, 0], [0, 0], [0, 0], [0, 0], [0, 0], [0, 0], [0, 0], [0, 0]]
[[1, 0], [0, 1], [0, 0], [0, 0], [0, 0], [0, 0]]
[[1, 0], [0, 1], [0, 0], [0, 0], [0, 0], [0, 0], [0, 0]]
[[1, 0, 0, 0], [0, 1, 0, 0], [0, 0, 1, 0], [0, 0, 0, 1], [0, 0, 0, 0], [0, 0, 0, 0], [0, 0, 0, 0], [0, 0, 0, 0], [0, 0, 0, 0]]
[[1, 0, 0, -434646/116105], [0, 1, 0, 38716/10555], [0, 0, 1, -5964/23221]]
[[1, 0], [0, 1], [0, 0]]
[[1, 0, 0, 0, 0, 0], [0, 1, 0, 0, 0, 0], [0, 0, 1, 0, 0, 0], [0, 0, 0, 1, 0, 0], [0, 0, 0, 0, 1, 0], [0, 0, 0, 0, 0, 1], [0, 0, 0, 0, 0, 0], [0, 0, 0, 0, 0, 0], [0, 0, 0, 0, 0, 0]]
[[1, 0, 0, 0, 0, 0, 0, 0, 0, 3149560853094299/322260302384824], [0, 1, 0, 0, 0, 0, 0, 0, 0, 151117972524154585/14179453304932256], [0, 0, 1, 0, 0, 0, 0, 0, 0, -61214543271857885/10634589978699192], [0, 0, 0, 1, 0, 0, 0, 0, 0, -9236383622557785/14179453304932256], [0, 0, 0, 0, 1, 0, 0, 0, 0, 2088572910407910/443107915779133], [0, 0, 0, 0, 0, 1, 0, 0, 0, 197871918880710047/42538359914796768], [0, 0, 0, 0, 0, 0, 1, 0, 0, -49022902207120349/14179453304932256], [0, 0, 0, 0, 0, 0, 0, 1, 0, -208891676463617021/42538359914796768], [0, 0, 0, 0, 0, 0, 0, 0, 1, 150936653298170753/21269179957398384]]
[[1, 63/65, 49/65, -62/65, 53/65, 83/65, 18/65]]
[[1, 0, 0, 0, 0, 0, 0], [0, 1, 0, 0, 0, 0, 0], [0, 0, 1, 0, 0, 0, 0], [0, 0, 0, 1, 0, 0, 0], [0, 0, 0, 0, 1, 0, 0], [0, 0, 0, 0, 0, 1, 0], [0, 0, 0, 0, 0, 0, 1], [0, 0, 0, 0, 0, 0, 0], [0, 0, 0, 0, 0, 0, 0], [0, 0, 0, 0, 0, 0, 0]]
[[1, 0, 0, 0, 0, 0, 0, 0, 18334011575955626/14518936977542115], [0, 1, 0, 0, 0, 0, 0, 0, 2221715377102018/14518936977542115], [0, 0, 1, 0, 0, 0, 0, 0, -2305351871865469/4839645659180705], [0, 0, 0, 1, 0, 0, 0, 0, -6306081160934141/14518936977542115], [0, 0, 0, 0, 1, 0, 0, 0, 2227124084502011/14518936977542115], [0, 0, 0, 0, 0, 1, 0, 0, -16129540852136599/14518936977542115], [0, 0, 0, 0, 0, 0, 1, 0, -436605376830972/967929131836141], [0, 0, 0, 0, 0, 0, 0, 1, 4205977189606417/4839645659180705]]
[[1, 0, 0, 0, 0], [0, 1, 0, 0, 0], [0, 0, 1, 0, 0], [0, 0, 0, 1, 0], [0, 0, 0, 0, 1], [0, 0, 0, 0, 0], [0, 0, 0, 0, 0], [0, 0, 0, 0, 0], [0, 0, 0, 0, 0], [0, 0, 0, 0, 0]]
[[1, 0, 0, 0, 0, 0], [0, 1, 0, 0, 0, 0], [0, 0, 1, 0, 0, 0], [0, 0, 0, 1, 0, 0], [0, 0, 0, 0, 1, 0], [0, 0, 0, 0, 0, 1]]
[[1, 0, 0, -42450/2821, 9306/2821, -98545/2821, -3833/403], [0, 1, 0, 19514/403, -3390/403, 45449/403, 12264/403], [0, 0, 1, -303059/5642, 25976/2821, -696335/5642, -25913/806]]
[[1], [0], [0], [0], [0], [0]]
[[1, 0, 0, 0, -953969/2420492, -2113751/2420492, -759109/605123, 5535403/2420492, -223869/1210246, -682949/2420492], [0, 1, 0, 0, 22290635/38727872, 77060265/38727872, 12050377/9681968, -89281961/38727872, -1168345/19363936, 6406499/38727872], [0, 0, 1, 0, -1395055/9681968, 11842555/9681968, 1111891/2420492, -8432315/9681968, -4289219/4840984, 3657721/9681968], [0, 0, 0, 1, 3613789/4840984, 2030535/4840984, 1152779/1210246, -7826735/4840984, -18459/2420492, 6203629/4840984]]
[[1, 0, 0, 0, -4973546/3530689], [0, 1, 0, 0, -1123722/3530689], [0, 0, 1, 0, 7567136/3530689], [0, 0, 0, 1, -8487672/3530689]]
[[1, 0], [0, 1], [0, 0], [0, 0], [0, 0], [0, 0]]
[[1, 0, 0, -821179/474828, -205186/118707, 149951/237414, -25837/237414, -115727/237414], [0, 1, 0, -236653/474828, 27248/118707, 133631/237414, 103463/237414, 109705/237414], [0, 0, 1, 208869/79138, 51928/39569, 32646/39569, 60523/39569, 83351/39569]]
[[1, 0, 0, 0], [0, 1, 0, 0], [0, 0, 1, 0], [0, 0, 0, 1]]
[[1, 0], [0, 1], [0, 0], [0, 0], [0, 0]]
[[1, 0, -65/668, 193/1336], [0, 1, 3171/2672, -2571/5344]]
[[1, 0, 0], [0, 1, 0], [0, 0, 1], [0, 0, 0], [0, 0, 0]]
[[1, 0], [0, 1], [0, 0], [0, 0], [0, 0], [0, 0]]
[[1, 0], [0, 1], [0, 0], [0, 0]]
[[1, 0], [0, 1], [0, 0], [0, 0], [0, 0], [0, 0], [0, 0], [0, 0], [0, 0]]
[[1, 0, 0, 0, 0], [0, 1, 0, 0, 0], [0, 0, 1, 0, 0], [0, 0, 0, 1, 0], [0, 0, 0, 0, 1], [0, 0, 0, 0, 0], [0, 0, 0, 0, 0], [0, 0, 0, 0, 0], [0, 0, 0, 0, 0], [0, 0, 0, 0, 0]]
[[1, 0, -37/7, -102/371, -1226/371, -1720/371, -2740/371, -646/53, 5958/371, -2846/371], [0, 1, -43/7, 670/371, -1040/371, -2589/371, -3309/371, -774/53, 7501/371, -3733/371]]
[[1, 0, 0], [0, 1, 0], [0, 0, 1], [0, 0, 0], [0, 0, 0], [0, 0, 0], [0, 0, 0], [0, 0, 0], [0, 0, 0]]
[[1, 0], [0, 1]]
[[1, 0], [0, 1], [0, 0], [0, 0], [0, 0], [0, 0]]
[[1, 0, 0], [0, 1, 0], [0, 0, 1], [0, 0, 0], [0, 0, 0], [0, 0, 0], [0, 0, 0]]
[[1, 0, 0, 0, 0, 0, 0], [0, 1, 0, 0, 0, 0, 0], [0, 0, 1, 0, 0, 0, 0], [0, 0, 0, 1, 0, 0, 0], [0, 0, 0, 0, 1, 0, 0], [0, 0, 0, 0, 0, 1, 0], [0, 0, 0, 0, 0, 0, 1]]
[[1, 0, 0, 0, 0, 0, 161065423303/131664942796], [0, 1, 0, 0, 0, 0, -141417594805/131664942796], [0, 0, 1, 0, 0, 0, -287757104407/131664942796], [0, 0, 0, 1, 0, 0, -68465920045/65832471398], [0, 0, 0, 0, 1, 0, -137559483681/131664942796], [0, 0, 0, 0, 0, 1, -21974112575/65832471398]]
[[1], [0], [0], [0], [0]]
[[1, 0], [0, 1], [0, 0], [0, 0], [0, 0], [0, 0]]
[[1, 0, 0, -3662/1475, -157/1475, -1097/1475, 2063/590, 8233/2950, -1158/295], [0, 1, 0, -60007/19175, 93044/57525, -29417/19175, 30382/11505, 29044/19175, -26779/11505], [0, 0, 1, -90393/38350, 29803/57525, -26004/19175, 56533/23010, 25203/19175, -29798/11505]]
[[1, 0, 0, 0, 0, 0, 0, 0], [0, 1, 0, 0, 0, 0, 0, 0], [0, 0, 1, 0, 0, 0, 0, 0], [0, 0, 0, 1, 0, 0, 0, 0], [0, 0, 0, 0, 1, 0, 0, 0], [0, 0, 0, 0, 0, 1, 0, 0], [0, 0, 0, 0, 0, 0, 1, 0], [0, 0, 0, 0, 0, 0, 0, 1]]
[[1, 0, 127/134, 3913/3618], [0, 1, -251/134, -8833/3618]]
[[1, 0, 0, 0, 17855827/2454098, -23790191/4908196, -7343966/1227049, 12196243/2454098], [0, 1, 0, 0, 16515065/2454098, -19916057/4908196, -8082830/1227049, 17716331/2454098], [0, 0, 1, 0, 28133325/2454098, -38313181/4908196, -12434303/1227049, 28798233/2454098], [0, 0, 0, 1, -24357371/1227049, 32407941/2454098, 21363246/1227049, -23493416/1227049]]
[[1, 0, 0, -10503/13916], [0, 1, 0, 14563/10437], [0, 0, 1, 38795/41748]]
[[1, 0, 0, 0, 0, 0, 1223994853/4255401001, -16071842569/12766203003, 12142920821/25532406006, -58759889581/25532406006], [0, 1, 0, 0, 0, 0, -22224416132/4255401001, 61384382119/4255401001, -11815173490/4255401001, 79255660437/4255401001], [0, 0, 1, 0, 0, 0, -8057326075/4255401001, 87984918871/12766203003, 7928447240/12766203003, 90798763625/12766203003], [0, 0, 0, 1, 0, 0, 17168045328/4255401001, -188977014581/12766203003, 22982878556/12766203003, -225477292345/12766203003], [0, 0, 0, 0, 1, 0, -1145879078/4255401001, -7229486764/4255401001, 22852591105/8510802002, -17549154687/8510802002], [0, 0, 0, 0, 0, 1, 6472987201/4255401001, -51433839238/12766203003, -36334981700/12766203003, -57430519202/12766203003]]
[[1, 0, 0, 402658/600693, 9747/200231, -146264/600693, 409252/600693, 53036/600693, -432110/600693, -60221/600693], [0, 1, 0, 367351/600693, 104966/200231, 524722/600693, -495248/600693, -379513/600693, 329473/600693, -464891/600693], [0, 0, 1, 92912/200231, -85661/200231, 4193/200231, 41466/200231, 45041/200231, 57495/200231, -108321/200231]]
[[1, 0], [0, 1], [0, 0], [0, 0], [0, 0], [0, 0], [0, 0], [0, 0], [0, 0]]
[[1, 0, 0], [0, 1, 0], [0, 0, 1], [0, 0, 0]]
[[1, 67/10, -24/5, 23/10, 3/5, -27/5, 2/5]]
[[1, 0, 0, 408886/176723, -1029029/530169, 546724/530169, -16522/176723], [0, 1, 0, -187683/176723, 93520/530169, -317447/530169, -2344/176723], [0, 0, 1, 187017/176723, -156554/176723, 260382/176723, -135049/176723]]
[[1, 0, 0, 0, 13373001/22128134, -2737855/22128134, 4231770/11064067, 682289/3161162], [0, 1, 0, 0, -11667752/11064067, -4233410/11064067, 12972329/11064067, 2941445/1580581], [0, 0, 1, 0, -6890384/11064067, -11250577/11064067, -14173759/11064067, -2554785/1580581], [0, 0, 0, 1, 1569571/22128134, -16407645/22128134, -20023709/11064067, -1193007/3161162]]
[[1, 0, 0, 0, 0, 0, 0, 0, 0], [0, 1, 0, 0, 0, 0, 0, 0, 0], [0, 0, 1, 0, 0, 0, 0, 0, 0], [0, 0, 0, 1, 0, 0, 0, 0, 0], [0, 0, 0, 0, 1, 0, 0, 0, 0], [0, 0, 0, 0, 0, 1, 0, 0, 0], [0, 0, 0, 0, 0, 0, 1, 0, 0], [0, 0, 0, 0, 0, 0, 0, 1, 0], [0, 0, 0, 0, 0, 0, 0, 0, 1]]
[[1, 0, 0, 0], [0, 1, 0, 0], [0, 0, 1, 0], [0, 0, 0, 1]]
[[1, 0, 0, 0, 0], [0, 1, 0, 0, 0], [0, 0, 1, 0, 0], [0, 0, 0, 1, 0], [0, 0, 0, 0, 1], [0, 0, 0, 0, 0], [0, 0, 0, 0, 0], [0, 0, 0, 0, 0], [0, 0, 0, 0, 0]]
[[1, 0, 0, 0, 0, 0, 0], [0, 1, 0, 0, 0, 0, 0], [0, 0, 1, 0, 0, 0, 0], [0, 0, 0, 1, 0, 0, 0], [0, 0, 0, 0, 1, 0, 0], [0, 0, 0, 0, 0, 1, 0], [0, 0, 0, 0, 0, 0, 1], [0, 0, 0, 0, 0, 0, 0], [0, 0, 0, 0, 0, 0, 0]]
[[1, 0, 0], [0, 1, 0], [0, 0, 1], [0, 0, 0], [0, 0, 0], [0, 0, 0]]
[[1], [0]]
[[1, 0, 0, 0, 0, 0, 0, 0, 0, -290802474309784847/219027926512470237], [0, 1, 0, 0, 0, 0, 0, 0, 0, -553140948342950750/219027926512470237], [0, 0, 1, 0, 0, 0, 0, 0, 0, 114942651065761237/219027926512470237], [0, 0, 0, 1, 0, 0, 0, 0, 0, -61660400011242342/73009308837490079], [0, 0, 0, 0, 1, 0, 0, 0, 0, -465283397162581742/219027926512470237], [0, 0, 0, 0, 0, 1, 0, 0, 0, -271252221030560962/219027926512470237], [0, 0, 0, 0, 0, 0, 1, 0, 0, 660314489638622140/219027926512470237], [0, 0, 0, 0, 0, 0, 0, 1, 0, 2791112021848147/73009308837490079], [0, 0, 0, 0, 0, 0, 0, 0, 1, 95222150357543747/219027926512470237]]
[[1, 0, -132/445, 1106/445, -851/445, 182/89, -1454/445, 657/445, -726/445, -212/445], [0, 1, -2241/1780, 3209/890, -7803/1780, 699/356, -5287/1780, 1213/890, -2313/1780, -2103/890]]
[[1, 0, 0, 0, 0, 0], [0, 1, 0, 0, 0, 0], [0, 0, 1, 0, 0, 0], [0, 0, 0, 1, 0, 0], [0, 0, 0, 0, 1, 0], [0, 0, 0, 0, 0, 1], [0, 0, 0, 0, 0, 0], [0, 0, 0, 0, 0, 0], [0, 0, 0, 0, 0, 0]]
[[1, 0, 0, 0, 0, 0, 0, -185167985502/41627070655, 4721504575351/5078502619910], [0, 1, 0, 0, 0, 0, 0, -229448371389/41627070655, -7951855812722/7617753929865], [0, 0, 1, 0, 0, 0, 0, 3947481091/467719895, -79223693413/57061827190], [0, 0, 0, 1, 0, 0, 0, -27505439150/8325414131, 677370104783/1523550785973], [0, 0, 0, 0, 1, 0, 0, 408531346284/41627070655, -11860459987231/15235507859730], [0, 0, 0, 0, 0, 1, 0, 3750832958/2448651215, 708463682504/448103172345], [0, 0, 0, 0, 0, 0, 1, 63717845901/8325414131, -929692666915/1523550785973]]
[[1, 0, 0, 0, 0, 0, 0], [0, 1, 0, 0, 0, 0, 0], [0, 0, 1, 0, 0, 0, 0], [0, 0, 0, 1, 0, 0, 0], [0, 0, 0, 0, 1, 0, 0], [0, 0, 0, 0, 0, 1, 0], [0, 0, 0, 0, 0, 0, 1]]
[[1], [0], [0], [0], [0], [0], [0], [0], [0]]
[[1, 0, 0, 153597/33217, 5916/33217, -3612/563, 27381/33217, -55060/33217, -11541/33217, 258322/33217], [0, 1, 0, 218128/33217, -108910/33217, -4401/563, 54591/33217, -42203/33217, -213530/33217, 326334/33217], [0, 0, 1, 324863/33217, -105414/33217, -6596/563, 99609/33217, -98704/33217, -186055/33217, 492305/33217]]
[[1, 0, 0, -49193/33376], [0, 1, 0, -182545/66752], [0, 0, 1, 250765/66752]]
[[1, 0, 0], [0, 1, 0], [0, 0, 1], [0, 0, 0], [0, 0, 0], [0, 0, 0]]
[[1, 0, 0, 0, 0, 0], [0, 1, 0, 0, 0, 0], [0, 0, 1, 0, 0, 0], [0, 0, 0, 1, 0, 0], [0, 0, 0, 0, 1, 0], [0, 0, 0, 0, 0, 1]]
[[1, 0, 0, 0, 0, -66905370/232348577, 419811091/232348577], [0, 1, 0, 0, 0, 443861392/2091137193, 4194557617/4182274386], [0, 0, 1, 0, 0, -1126253806/2091137193, 2371324609/2091137193], [0, 0, 0, 1, 0, -837643996/2091137193, 3183833591/4182274386], [0, 0, 0, 0, 1, 1599092309/2091137193, -5455040444/2091137193]]
[[1, 0, 0, 0, 0, 0, 0, 15256402894813/4942116661734], [0, 1, 0, 0, 0, 0, 0, -412593837524/39223148109], [0, 0, 1, 0, 0, 0, 0, -39559560076031/4942116661734], [0, 0, 0, 1, 0, 0, 0, -35440402079609/4942116661734], [0, 0, 0, 0, 1, 0, 0, -15478637419237/2471058330867], [0, 0, 0, 0, 0, 1, 0, -487935613088/117669444327], [0, 0, 0, 0, 0, 0, 1, -49171451559785/4942116661734]]
[[1, -98/29, 93/29, -36/29, 23/29, -27/29, -65/29]]
[[1, 0, 0, 0, 0, 0, 623072486949/369700411112, -192896560261/554550616668, 1833878385025/1109101233336, -111214707339/46212551389], [0, 1, 0, 0, 0, 0, -89166584651/184850205556, -58623768563/277275308334, 121071321005/554550616668, 55607580146/46212551389], [0, 0, 1, 0, 0, 0, 12450621215/184850205556, 198077494745/277275308334, 361241321431/554550616668, 35627820625/46212551389], [0, 0, 0, 1, 0, 0, 37317119123/184850205556, -16183336399/92425102778, -61801172707/184850205556, 8659440863/46212551389], [0, 0, 0, 0, 1, 0, 335520397359/369700411112, -139086935649/184850205556, 381038859633/369700411112, -58829548606/46212551389], [0, 0, 0, 0, 0, 1, -53311475364/46212551389, -131918252968/138637654167, -74661286699/138637654167, 42862407672/46212551389]]
[[1, 0, 0, 0, 0, 0], [0, 1, 0, 0, 0, 0], [0, 0, 1, 0, 0, 0], [0, 0, 0, 1, 0, 0], [0, 0, 0, 0, 1, 0], [0, 0, 0, 0, 0, 1], [0, 0, 0, 0, 0, 0]]
[[1, 0, 0, 0, 0, 0], [0, 1, 0, 0, 0, 0], [0, 0, 1, 0, 0, 0], [0, 0, 0, 1, 0, 0], [0, 0, 0, 0, 1, 0], [0, 0, 0, 0, 0, 1], [0, 0, 0, 0, 0, 0], [0, 0, 0, 0, 0, 0]]
[[1, 0, -59/52, -81/104, -61/24, 691/312, 211/104, -713/312], [0, 1, -571/52, 227/104, -457/24, 6223/312, 215/104, -6413/312]]
[[1, 0, 0, 0, 0], [0, 1, 0, 0, 0], [0, 0, 1, 0, 0], [0, 0, 0, 1, 0], [0, 0, 0, 0, 1], [0, 0, 0, 0, 0]]
[[1, 0, 0, 0], [0, 1, 0, 0], [0, 0, 1, 0], [0, 0, 0, 1], [0, 0, 0, 0], [0, 0, 0, 0], [0, 0, 0, 0]]
[[1, 0, 0, 0, 0], [0, 1, 0, 0, 0], [0, 0, 1, 0, 0], [0, 0, 0, 1, 0], [0, 0, 0, 0, 1], [0, 0, 0, 0, 0], [0, 0, 0, 0, 0], [0, 0, 0, 0, 0]]
[[1, 0, 0, 0, 0], [0, 1, 0, 0, 0], [0, 0, 1, 0, 0], [0, 0, 0, 1, 0], [0, 0, 0, 0, 1], [0, 0, 0, 0, 0], [0, 0, 0, 0, 0], [0, 0, 0, 0, 0], [0, 0, 0, 0, 0]]
[[1, 0, 0, 0, 0, 0, -50874899393/9482604687, 360757121/9482604687, -9777434345/9482604687, -3144257309/3160868229], [0, 1, 0, 0, 0, 0, 41433515257/9482604687, -403003747/9482604687, 30356383868/47413023435, 29809952057/15804341145], [0, 0, 1, 0, 0, 0, 150829199621/18965209374, 13980414095/9482604687, 34895934512/47413023435, 10092117683/15804341145], [0, 0, 0, 1, 0, 0, -4521446397/702415162, -221716789/351207581, -2237909531/1756037905, -3138115202/1756037905], [0, 0, 0, 0, 1, 0, -16820025394/9482604687, 5204610397/9482604687, 861721949/9482604687, -148786429/3160868229], [0, 0, 0, 0, 0, 1, -22858034719/6321736458, -2540022790/3160868229, 8122532774/15804341145, -4048412449/5268113715]]
[[1, 0, -617/1004, -1331/2008, 1339/2008, 2247/2008, 1875/2008, -1095/1004, -275/502, -563/2008], [0, 1, -2787/1004, 4503/2008, -5479/2008, -8827/2008, -4607/2008, 811/1004, 1673/502, 5183/2008]]
